#           k/h    P           
    0.10213E-04    0.31381E-04
    0.11278E-04    0.34515E-04
    0.12454E-04    0.37963E-04
    0.13753E-04    0.41755E-04
    0.15187E-04    0.45926E-04
    0.16770E-04    0.50513E-04
    0.18518E-04    0.55559E-04
    0.20449E-04    0.61109E-04
    0.22581E-04    0.67213E-04
    0.24935E-04    0.73926E-04
    0.27535E-04    0.81311E-04
    0.30406E-04    0.89433E-04
    0.33576E-04    0.98366E-04
    0.37077E-04    0.10819E-03
    0.40942E-04    0.11900E-03
    0.45211E-04    0.13089E-03
    0.49925E-04    0.14396E-03
    0.55130E-04    0.15834E-03
    0.60878E-04    0.17415E-03
    0.67225E-04    0.19155E-03
    0.74234E-04    0.21068E-03
    0.81973E-04    0.23173E-03
    0.90520E-04    0.25488E-03
    0.99958E-04    0.28033E-03
    0.11038E-03    0.30834E-03
    0.12189E-03    0.33913E-03
    0.13460E-03    0.37301E-03
    0.14863E-03    0.41026E-03
    0.16412E-03    0.45124E-03
    0.18124E-03    0.49631E-03
    0.20013E-03    0.54589E-03
    0.22100E-03    0.60041E-03
    0.24404E-03    0.66038E-03
    0.26948E-03    0.72633E-03
    0.29758E-03    0.79887E-03
    0.32860E-03    0.87865E-03
    0.36286E-03    0.96639E-03
    0.40070E-03    0.10629E-02
    0.44247E-03    0.11690E-02
    0.48861E-03    0.12857E-02
    0.53955E-03    0.14141E-02
    0.59580E-03    0.15553E-02
    0.65792E-03    0.17105E-02
    0.72651E-03    0.18812E-02
    0.80226E-03    0.20688E-02
    0.88590E-03    0.22752E-02
    0.97827E-03    0.25020E-02
    0.10803E-02    0.27514E-02
    0.11929E-02    0.30254E-02
    0.13173E-02    0.33266E-02
    0.14546E-02    0.36576E-02
    0.16063E-02    0.40211E-02
    0.17737E-02    0.44203E-02
    0.19587E-02    0.48586E-02
    0.21629E-02    0.53395E-02
    0.23884E-02    0.58670E-02
    0.26374E-02    0.64451E-02
    0.29123E-02    0.70784E-02
    0.32160E-02    0.77713E-02
    0.35513E-02    0.85287E-02
    0.39215E-02    0.93554E-02
    0.43304E-02    0.10256E-01
    0.47819E-02    0.11236E-01
    0.52805E-02    0.12298E-01
    0.58310E-02    0.13447E-01
    0.64389E-02    0.14684E-01
    0.71103E-02    0.16011E-01
    0.78516E-02    0.17424E-01
    0.86702E-02    0.18920E-01
    0.95741E-02    0.20487E-01
    0.10572E-01    0.22112E-01
    0.11675E-01    0.23772E-01
    0.12892E-01    0.25437E-01
    0.14236E-01    0.27067E-01
    0.15720E-01    0.28612E-01
    0.17359E-01    0.30012E-01
    0.19169E-01    0.31198E-01
    0.21168E-01    0.32098E-01
    0.23375E-01    0.32638E-01
    0.25812E-01    0.32758E-01
    0.28503E-01    0.32415E-01
    0.31474E-01    0.31599E-01
    0.34756E-01    0.30337E-01
    0.38380E-01    0.28695E-01
    0.42381E-01    0.26776E-01
    0.46619E-01    0.24789E-01
    0.50857E-01    0.22955E-01
    0.55095E-01    0.21328E-01
    0.59333E-01    0.19924E-01
    0.63571E-01    0.18731E-01
    0.67810E-01    0.17717E-01
    0.72048E-01    0.16834E-01
    0.76286E-01    0.16038E-01
    0.80524E-01    0.15271E-01
    0.84762E-01    0.14500E-01
    0.89000E-01    0.13706E-01
    0.94253E-01    0.12692E-01
    0.99505E-01    0.11674E-01
    0.10476E+00    0.10699E-01
    0.11001E+00    0.98084E-02
    0.11526E+00    0.90308E-02
    0.12052E+00    0.83759E-02
    0.12577E+00    0.78375E-02
    0.13102E+00    0.73973E-02
    0.13627E+00    0.70297E-02
    0.14153E+00    0.67063E-02
    0.14678E+00    0.64003E-02
    0.15203E+00    0.60924E-02
    0.15728E+00    0.57734E-02
    0.16254E+00    0.54453E-02
    0.16779E+00    0.51180E-02
    0.17304E+00    0.48050E-02
    0.17830E+00    0.45181E-02
    0.18355E+00    0.42648E-02
    0.18880E+00    0.40472E-02
    0.19405E+00    0.38622E-02
    0.19931E+00    0.37036E-02
    0.20456E+00    0.35629E-02
    0.20981E+00    0.34312E-02
    0.21506E+00    0.33013E-02
    0.22032E+00    0.31684E-02
    0.22557E+00    0.30318E-02
    0.23082E+00    0.28936E-02
    0.23608E+00    0.27581E-02
    0.24133E+00    0.26299E-02
    0.24658E+00    0.25126E-02
    0.25183E+00    0.24078E-02
    0.25709E+00    0.23154E-02
    0.26234E+00    0.22336E-02
    0.26759E+00    0.21597E-02
    0.27284E+00    0.20907E-02
    0.27810E+00    0.20238E-02
    0.28335E+00    0.19567E-02
    0.28860E+00    0.18888E-02
    0.29385E+00    0.18203E-02
    0.29911E+00    0.17526E-02
    0.30436E+00    0.16873E-02
    0.30961E+00    0.16259E-02
    0.31487E+00    0.15694E-02
    0.32012E+00    0.15178E-02
    0.32537E+00    0.14708E-02
    0.33062E+00    0.14274E-02
    0.33588E+00    0.13867E-02
    0.34113E+00    0.13475E-02
    0.34638E+00    0.13089E-02
    0.35163E+00    0.12705E-02
    0.35689E+00    0.12322E-02
    0.36214E+00    0.11944E-02
    0.36739E+00    0.11577E-02
    0.37264E+00    0.11225E-02
    0.37790E+00    0.10894E-02
    0.38315E+00    0.10584E-02
    0.38840E+00    0.10294E-02
    0.39366E+00    0.10022E-02
    0.39891E+00    0.97631E-03
    0.40416E+00    0.95145E-03
    0.40941E+00    0.92726E-03
    0.41467E+00    0.90349E-03
    0.41992E+00    0.88005E-03
    0.42517E+00    0.85700E-03
    0.43042E+00    0.83452E-03
    0.43568E+00    0.81281E-03
    0.44093E+00    0.79204E-03
    0.44618E+00    0.77227E-03
    0.45143E+00    0.75347E-03
    0.45669E+00    0.73554E-03
    0.46194E+00    0.71835E-03
    0.46719E+00    0.70177E-03
    0.47245E+00    0.68569E-03
    0.47770E+00    0.67000E-03
    0.48295E+00    0.65465E-03
    0.48820E+00    0.63962E-03
    0.49346E+00    0.62494E-03
    0.49871E+00    0.61069E-03
    0.50396E+00    0.59693E-03
    0.50921E+00    0.58368E-03
    0.51447E+00    0.57093E-03
    0.51972E+00    0.55865E-03
    0.52497E+00    0.54679E-03
    0.53023E+00    0.53530E-03
    0.53548E+00    0.52415E-03
    0.54073E+00    0.51331E-03
    0.54598E+00    0.50273E-03
    0.55124E+00    0.49240E-03
    0.55649E+00    0.48231E-03
    0.56174E+00    0.47248E-03
    0.57863E+00    0.44282E-03
    0.61369E+00    0.38945E-03
    0.65087E+00    0.34197E-03
    0.90836E+00    0.16125E-03
    0.12677E+01    0.74167E-04
    0.17692E+01    0.33396E-04
    0.24692E+01    0.14766E-04
    0.34460E+01    0.64268E-05
    0.48093E+01    0.27592E-05
    0.67119E+01    0.11705E-05
    0.93672E+01    0.49133E-06
    0.13073E+02    0.20433E-06
    0.18245E+02    0.84276E-07
    0.25463E+02    0.34504E-07
    0.35536E+02    0.14033E-07
    0.49595E+02    0.56735E-08
    0.69215E+02    0.22814E-08
    0.96597E+02    0.91288E-09
    0.13481E+03    0.36365E-09
    0.18815E+03    0.14428E-09
    0.26258E+03    0.57023E-10
    0.36646E+03    0.22461E-10
    0.51143E+03    0.88189E-11
    0.71376E+03    0.34524E-11
    0.99614E+03    0.13478E-11
    0.13902E+04    0.52485E-12
    0.19402E+04    0.20389E-12
    0.27078E+04    0.79026E-13
